# Number of parameters = 108  Objective function value = 119.716  Maximum gradient component = 5.93303e-05
# log_bo:
19.0900727805
# log_reck:
3.12104200000
# log_m:
-1.89712000000
# log_sigma_epsilon:
1.02017088521
# log_sigma_nu:
0.223518395990
# log_sigma_delta:
1.41728969939
# log_tau:
0.968730775806
# log_fbar:
-1.46820124836
# psi:
 0.267398271262 0.0502543526301 0.158957912582 -0.0373712094123 0.103654077391 0.216602333919 0.679864103194 0.115071530452 0.126011558674 0.163088690351 -0.126579067186 -0.186829191184 -0.379510056566 -0.516902978295 -0.341098724654 -0.0804789516602 -0.134516298929 -0.148475799377 -0.0552974407559 -0.129684020134 -0.101010636883 -0.0864629070567 -0.0847657242084 -0.195978498247 -0.163300842484 -0.120252859111 -0.139093622792 -0.0347348388068 -0.0480027413934 0.0110011234527 -0.0330189309369 -0.116137895272 -0.0250659208002 0.123243495697 0.0575986802858 -0.00315541781827 -0.00295683223633 0.00716257469529 0.0244364718165 0.0498368507426 0.0988926794390 0.117964577851 0.114394589246 -0.0109524142506 0.0878314078912 0.121394724881 0.121394744794 0.121394788246 0.121394726364 0.121394761463 0.121394793131
# fdev:
 -1.80474842126 -0.986094649562 -0.834139047455 0.0119897683101 -0.0310623298318 0.121390322928 0.113832616248 -0.362548725668 -0.132321804370 0.0309092519245 0.124604603934 0.155857469036 -0.313501742506 -0.208507988942 -0.279506995912 -0.312752417898 -0.488527731776 -0.475808107093 -0.410995879503 -0.398818086524 -0.255429411778 -0.107472320605 -0.122035497284 0.654602011501 0.748586725377 0.643805593015 0.880428121102 0.619203646960 0.810546322270 0.737073347092 0.613793964282 0.441043017135 0.266413451775 0.307657910884 0.165244449637 -0.0223996061400 0.131781365669 0.275516608618 0.359748292384 0.196398910819 0.133287824018 0.0538101139026 -0.0439550687010 -0.280658249064 0.0362207069520 0.0717166854398 0.0726153878961 -0.292037716796 -0.220388918955 -0.195144871726 -0.199222899763
