# Number of parameters = 108  Objective function value = 113.027  Maximum gradient component = 4.16702e-05
# log_bo:
19.3317106897
# log_reck:
3.12104200000
# log_m:
-1.89712000000
# log_sigma_epsilon:
1.01348039026
# log_sigma_nu:
0.215498626058
# log_sigma_delta:
1.56188222307
# log_tau:
1.00540622488
# log_fbar:
-1.88079779252
# psi:
 0.0702871319474 -0.0642181327769 0.0531884224446 -0.116414984055 0.0356198723314 0.154303497263 0.561962008364 0.0415468228805 0.0688493520699 0.130274727323 -0.133870479950 -0.171810788189 -0.338204013426 -0.444986120071 -0.220371618458 0.155087748936 0.239337442894 0.113602604952 0.110313115828 -0.0216663787729 -0.0505755510433 -0.0831854815845 0.00581774659525 -0.101052871461 -0.0566000013184 -0.0953706836964 -0.100818126739 0.0221004079785 -0.0296440554089 0.0475529796792 -0.0800456700551 -0.192089552202 -0.0214005497694 0.178060511373 0.0577119056561 -0.0349323343373 -0.0425345213549 -0.0219540935143 0.0321405507396 -0.0146428102070 0.0812103820303 0.0552652923912 0.00869157110693 -0.130626532007 0.0362439161833 0.0513078828720 0.0513079008458 0.0513078964886 0.0513078847359 0.0513078832506 0.0513078912367
# fdev:
 -1.28034276566 -0.657460439310 -0.495147872737 0.436052057147 0.366409318481 0.502654807321 0.456046017851 -0.0872859799056 0.161980201034 0.328223581386 0.416002816377 0.440693625723 -0.0431429757789 0.0603710413476 -0.0363207489317 -0.0932642142062 -0.310007193888 -0.328722059740 -0.305213773034 -0.350629003272 -0.268798121779 -0.208018195028 -0.202154204936 0.105386294482 0.0138022112955 -0.162530821589 0.132256649658 -0.0300154081144 0.272844685226 0.239133005109 0.229226319646 0.177192475343 0.0783842430907 0.165757161176 0.0340408995792 -0.138548911849 0.00998669760029 0.134571146394 0.234878988557 0.107378148085 0.0669677565342 0.0140442031774 -0.0444857417696 -0.253390176696 0.0775830354655 0.129198278328 0.138133062548 -0.184048412360 -0.0562753662784 -0.0143174490577 0.0209211079611
